[header]
width=11
height=10
tilewidth=100
tileheight=100
MaxScore=7
MinScore=6

[tilesets]
tileset=tileset.png,100,100,0,0

[layer]
type=Floor
data=
32,32,32,32,32,32,32,32,0,0,0,
32,32,32,32,32,32,32,32,0,0,0,
32,32,32,32,32,32,32,32,0,0,0,
32,32,32,32,32,32,32,32,0,0,0,
32,32,32,32,32,32,32,32,0,0,0,
32,32,32,32,32,32,32,32,0,0,0,
32,32,32,32,32,32,32,32,0,0,0,
0,0,0,0,0,0,0,0,0,0,0,
0,0,0,0,0,0,0,0,0,0,0,
0,0,0,0,0,0,0,0,0,0,0

[layer]
type=Tile Layer 1
data=
31,21,31,31,31,31,31,31,31,31,31,
31,0,1,0,12,21,51,21,0,0,31,
31,0,1,0,0,0,0,0,0,0,31,
31,0,1,0,0,0,0,0,0,0,31,
31,0,0,11,0,0,1,0,0,0,31,
31,51,31,0,0,31,0,0,24,0,31,
31,31,31,31,61,31,14,31,31,0,31,
31,0,0,0,0,1,0,31,0,0,31,
31,12,0,31,0,31,13,31,0,0,31,
31,31,31,31,22,31,31,31,31,31,31

